file    mole     circle      ratio
1       426 	 321.70	     1.32
2       418 	 361.81      1.16
3       324 	 254.61 	 1.27
4       347 	 249.10	     1.39
5       304 	 245.12 	 1.24
6       333 	 254.39 	 1.31
7       254 	 192.08 	 1.32
8       367 	 288.61 	 1.27
9       211 	 203.29 	 1.04
10      143 	 143.05 	 1.00
11      213 	 198.07 	 1.08

1       140 	 130.81 	 1.07
2       363 	 294.53 	 1.23
3       182 	 171.54 	 1.06
4       202 	 186.48 	 1.08
5       811 	 527.36 	 1.54
6       441 	 303.76 	 1.45
7       860 	 627.66 	 1.37
8       517 	 423.66 	 1.22
9       358 	 243.91 	 1.47
10      516 	 396.61 	 1.3
11      843 	 599.39 	 1.41
12      478 	 436.58 	 1.09
13      345 	 295.21 	 1.17
14      404 	 354.31 	 1.14
15      383 	 325.29 	 1.18
16      628 	 488.71 	 1.29

1       488 	 397.4 	     1.23
2       425 	 320.06 	 1.33
3       598 	 361.52 	 1.65
4       642 	 403.53 	 1.59
5       549 	 364.56 	 1.51
6       1292 	 779.52 	 1.66
7       906 	 705.03 	 1.29
8       687 	 441.98 	 1.55
9       974 	 578.68 	 1.68
10      880 	 580.75 	 1.52
11      699 	 452.88 	 1.54
12      712 	 590.91 	 1.2
13      569 	 482.89 	 1.18
14      582 	 426.37 	 1.37
15      663 	 494.17 	 1.34
16      620 	 395.85 	 1.57
17      774 	 428.54 	 1.81
18      766 	 727.32 	 1.05
19      725 	 540.51 	 1.34
20      902 	 658.3 	     1.37
21      650 	 381.39 	 1.7
22      606 	 461.5 	     1.31
23      2352 	 885.54 	 2.66
24      996 	 666.99 	 1.49
25      348 	 298.38 	 1.17
26      625 	 450.87 	 1.39
27      461 	 237.81 	 1.94

